- step: 1482
  atoms: 312
  temp: 3.7528471280255347922e-20
  press: -21.678632647227292551
  pe: -3223.793785274347556
  ke: 1.5086409838266982146e-21
  etotal: -3223.793785274347556
  vol: 4541.8937189988928367
  avecx: 4.9770056176543331361
  avecy: 0
  avecz: 0
  bvecx: -2.4885028088300003013
  bvecy: 4.3102132996662358977
  bvecz: 0
  cvecx: 0
  cvecy: 0
  cvecz: 211.72399198148127653
  lx: 4.9770056176543331361
  ly: 4.3102132996662358977
  lz: 211.72399198148127653
  cella: 4.9770056176543331361
  cellb: 4.9770056176555090843
  cellc: 211.72399198148127653
  cellalpha: 90
  cellbeta: 90
  cellgamma: 120.00000000002985701
  pxx: -32.51794910141722994
  pyy: -32.517949004047203232
  pzz: 1.6378255743479533866e-07
  pxy: 4.9656161286469286144e-07
  pyz: -1.3511473532840349038e-12
  pxz: 3.1988903135314825397e-10
  xlo: -0.019038925427171102256
  xhi: 4.9579666922271616869
  ylo: -0.016488193083117452103
  yhi: 4.293725106583118567
  zlo: -3.7032192287908642925
  zhi: 208.02077275269041934
  xy: -2.4885028088300003013
  xz: 0
  yz: 0

