- step: 25000
  atoms: 32526
  temp: 2.2153316750508415969e-17
  press: -6.3736586905650991497
  pe: -336081.60789405507967
  ke: 9.313666892393857043e-17
  etotal: -336081.60789405507967
  vol: 473484.09686157281976
  avecx: 4.9770056925371610745
  avecy: 0
  avecz: 0
  bvecx: 0
  bvecy: 27.833450383927104355
  bvecz: 0
  cvecx: 0
  cvecy: 0
  cvecz: 3417.9854693614774988
  lx: 4.9770056925371610745
  ly: 27.833450383927104355
  lz: 3417.9854693614774988
  cella: 4.9770056925371610745
  cellb: 27.833450383927104355
  cellc: 3417.9854693614774988
  cellalpha: 90
  cellbeta: 90
  cellgamma: 90
  pxx: -8.2081507582644501753
  pyy: -10.926230285369662454
  pzz: 0.013404971938816141047
  pxy: -2.2960732862847394617e-10
  pyz: 9.702013562169517542e-08
  pxz: -1.8332498708142017272e-10
  xlo: -3.7437160648999996953e-08
  xhi: 4.9770056551000001477
  ylo: -7.1927102516999998278e-08
  yhi: 27.833450312000000082
  zlo: 2.0384701054619167593
  zhi: 3420.0239394669392823
  xy: 0
  xz: 0
  yz: 0

