- step: 21985
  atoms: 37830
  temp: 7.4630803867781111068e-07
  press: 1.5040281514596656187
  pe: -381513.19693572405959
  ke: 3.6492836327927587462e-06
  etotal: -381513.19693207478849
  vol: 526849.17677548597567
  avecx: 4.854131233584613625
  avecy: 0
  avecz: 0
  bvecx: 0
  bvecy: 27.913510468935530895
  bvecz: 0
  cvecx: 0
  cvecy: 0
  cvecz: 3888.305095464662827
  lx: 4.854131233584613625
  ly: 27.913510468935530895
  lz: 3888.305095464662827
  cella: 4.854131233584613625
  cellb: 27.913510468935530895
  cellc: 3888.305095464662827
  cellalpha: 90
  cellbeta: 90
  cellgamma: 90
  pxx: 6.3836083927911531077
  pyy: -1.8602249036360039014
  pzz: -0.011299034776152235698
  pxy: 1.5156059233740874238e-09
  pyz: 2.0954114143547828485e-08
  pxz: -1.9546225593387909515e-09
  xlo: -8.4684613809999997778e-08
  xhi: 4.8541311488999996371
  ylo: 2.7427644701000001732e-06
  yhi: 27.913513211699999772
  zlo: 2.0117429263816046792
  zhi: 3890.3168383910442572
  xy: 0
  xz: 0
  yz: 0

