- step: 299
  atoms: 1500
  temp: 1.8303037290571659423e-22
  press: -2.1770260243176494615e-08
  pe: -14486.350276869990921
  ke: 3.5464140279254303596e-23
  etotal: -14486.350276869990921
  vol: 19465.576564714789129
  avecx: 23.953246416259311502
  avecy: 0
  avecz: 0
  bvecx: -11.976623208272547672
  bvecy: 20.744119899594945622
  bvecz: 0
  cvecx: 0
  cvecy: 0
  cvecz: 39.174898119872175073
  lx: 23.953246416259311502
  ly: 20.744119899594945622
  lz: 39.174898119872175073
  cella: 23.953246416259311502
  cellb: 23.953246416335794322
  cellc: 39.174898119872175073
  cellalpha: 90
  cellbeta: 90
  cellgamma: 120.00000000028903457
  pxx: -1.8150936293035317336e-08
  pyy: -2.0541229678032459124e-08
  pzz: -2.6618614758461697458e-08
  pxy: 5.7380965245290549269e-06
  pyz: 6.3897783032743489051e-12
  pxz: 1.3304994221764265185e-11
  xlo: 0.18535696687033348384
  xhi: 24.138603383129645152
  ylo: 0.1605238419525316651
  yhi: 20.904643741547477731
  zlo: 0.17638069006389792137
  zhi: 39.351278809936076186
  xy: -11.976623208272547672
  xz: 0
  yz: 0

