- step: 2132
  atoms: 318
  temp: 3.0043453775974298716e-20
  press: 623.62634488409025835
  pe: -3281.1333940584481752
  ke: 1.2310445176684857347e-21
  etotal: -3281.1333940584481752
  vol: 4634.7639820806462012
  avecx: 4.9770056176543331361
  avecy: 0
  avecz: 0
  bvecx: -2.4885028088300003013
  bvecy: 4.3102132996662358977
  bvecz: 0
  cvecx: 0
  cvecy: 0
  cvecz: 216.05321323863856264
  lx: 4.9770056176543331361
  ly: 4.3102132996662358977
  lz: 216.05321323863856264
  cella: 4.9770056176543331361
  cellb: 4.9770056176555090843
  cellc: 216.05321323863856264
  cellalpha: 90
  cellbeta: 90
  cellgamma: 120.00000000002985701
  pxx: 935.43951714648733287
  pyy: 935.43951724399346404
  pzz: 2.617898043996158449e-07
  pxy: 4.9782565207971247929e-07
  pyz: -2.3378530669991473222e-10
  pxz: 2.9868409248819541734e-09
  xlo: -0.019038925427171102256
  xhi: 4.9579666922271616869
  ylo: -0.016488193083117452103
  yhi: 4.293725106583118567
  zlo: -6.8386119906693707549
  zhi: 209.21460124796919899
  xy: -2.4885028088300003013
  xz: 0
  yz: 0

