- step: 1982
  atoms: 336
  temp: 3.426758003386424953e-20
  press: 3413.8583723093506705
  pe: -3463.7455077860308847
  ke: 1.4838598419320933403e-21
  etotal: -3463.7455077860308847
  vol: 4887.1659072456268404
  avecx: 4.9770056176543331361
  avecy: 0
  avecz: 0
  bvecx: -2.4885028088300003013
  bvecy: 4.3102132996662358977
  bvecz: 0
  cvecx: 0
  cvecy: 0
  cvecz: 227.81912994342658862
  lx: 4.9770056176543331361
  ly: 4.3102132996662358977
  lz: 227.81912994342658862
  cella: 4.9770056176543331361
  cellb: 4.9770056176555090843
  cellc: 227.81912994342658862
  cellalpha: 90
  cellbeta: 90
  cellgamma: 120.00000000002985701
  pxx: 5120.7875592433683778
  pyy: 5120.7875593415437834
  pzz: -1.6568603600155830341e-06
  pxy: 5.0148623312933697415e-07
  pyz: -8.6174033618729432013e-10
  pxz: 6.8155967213459028722e-09
  xlo: -0.019038925427171102256
  xhi: 4.9579666922271616869
  ylo: -0.016488193083117452103
  yhi: 4.293725106583118567
  zlo: -7.9528367428131208072
  zhi: 219.86629320061345538
  xy: -2.4885028088300003013
  xz: 0
  yz: 0

