- step: 2207
  atoms: 319
  temp: 1.9411563813714603148e-20
  press: -1264.9620121463974556
  pe: -3296.6189433260278747
  ke: 7.9790701392952587089e-22
  etotal: -3296.6189433260278747
  vol: 4648.9491123290908945
  avecx: 4.9770056176543331361
  avecy: 0
  avecz: 0
  bvecx: -2.4885028088300003013
  bvecy: 4.3102132996662358977
  bvecz: 0
  cvecx: 0
  cvecy: 0
  cvecz: 216.71446437941602881
  lx: 4.9770056176543331361
  ly: 4.3102132996662358977
  lz: 216.71446437941602881
  cella: 4.9770056176543331361
  cellb: 4.9770056176555090843
  cellc: 216.71446437941602881
  cellalpha: 90
  cellbeta: 90
  cellgamma: 120.00000000002985701
  pxx: -1897.4430182774615332
  pyy: -1897.4430181802551942
  pzz: 1.8524237857493483621e-08
  pxy: 4.9597806632074156936e-07
  pyz: -1.2784235628144729005e-11
  pxz: -4.3113435707570686843e-10
  xlo: -0.019038925427171102256
  xhi: 4.9579666922271616869
  ylo: -0.016488193083117452103
  yhi: 4.293725106583118567
  zlo: -6.1984592627584698121
  zhi: 210.51600511665756699
  xy: -2.4885028088300003013
  xz: 0
  yz: 0

