- step: 353
  atoms: 4875
  temp: 1.5218916265760607291e-22
  press: 51185.220772717759246
  pe: -50289.891149631475855
  ke: 9.5881295015452336115e-23
  etotal: -50289.891149631475855
  vol: 69530.438426278953557
  avecx: 24.270655320997754245
  avecy: 0
  avecz: 0
  bvecx: -12.13532766058932566
  bvecy: 21.019004074486289824
  bvecz: 0
  cvecx: 0
  cvecy: 0
  cvecz: 136.29544150417564197
  lx: 24.270655320997754245
  ly: 21.019004074486289824
  lz: 136.29544150417564197
  cella: 24.270655320997754245
  cellb: 24.270655321048412389
  cellc: 136.29544150417564197
  cellalpha: 90
  cellbeta: 90
  cellgamma: 120.00000000017750779
  pxx: 76777.831159318317077
  pyy: 76777.831158856439288
  pzz: -2.1485009777566593746e-08
  pxy: 3.3297921719431232773e-06
  pyz: 1.8391328690984706999e-08
  pxz: 2.6576946186410572392e-07
  xlo: 0.00049104455022398534828
  xhi: 24.271146365547977553
  ylo: 0.00042525705137085533479
  yhi: 21.019429331537661909
  zlo: -1.4976932904022175475
  zhi: 134.79774821377341709
  xy: -12.13532766058932566
  xz: 0
  yz: 0

