- step: 423
  atoms: 312
  temp: 3.4474076304789224895e-21
  press: -1.6807865676046792902e-07
  pe: -3146.4982391672219819
  ke: 1.3858545956903151369e-22
  etotal: -3146.4982391672219819
  vol: 4345.1660047609966568
  avecx: 4.8541310641848607332
  avecy: 0
  avecz: 0
  bvecx: -2.4270655321457348386
  bvecy: 4.2038008148832508581
  bvecz: 0
  cvecx: 0
  cvecy: 0
  cvecz: 212.93779114434912003
  lx: 4.8541310641848607332
  ly: 4.2038008148832508581
  lz: 212.93779114434912003
  cella: 4.8541310641848607332
  cellb: 4.8541310642114865459
  cellc: 212.93779114434912003
  cellalpha: 90
  cellbeta: 90
  cellgamma: 120.00000000054507154
  pxx: -1.3466219498250684828e-07
  pyy: -1.2423902296256403789e-07
  pzz: -2.453347523363328744e-07
  pxy: 8.9846513069520547631e-06
  pyz: -2.1258496048780306195e-10
  pxz: 1.7206351606382384255e-07
  xlo: 0.00049104455757122676164
  xhi: 4.8546221087424319407
  ylo: 0.00042525705837334908024
  yhi: 4.2042260719416244541
  zlo: -6.8704788102246210357
  zhi: 206.06731233412449455
  xy: -2.4270655321457348386
  xz: 0
  yz: 0

