- step: 265
  atoms: 4875
  temp: 2.9347377486738582483e-22
  press: -47784.945794244609715
  pe: -49083.760809924620844
  ke: 1.8489257116595322957e-22
  etotal: -49083.760809924620844
  vol: 69753.750790042977314
  avecx: 24.88502808829093027
  avecy: 0
  avecz: 0
  bvecx: -12.442514044161296027
  bvecy: 21.551066498350746059
  bvecz: 0
  cvecx: 1.7745840352964360661e-09
  cvecy: 5.2265767353293533262e-10
  cvecz: 130.06506524930037472
  lx: 24.88502808829093027
  ly: 21.551066498350746059
  lz: 130.06506524930037472
  cella: 24.88502808829093027
  cellb: 24.885028088300142457
  cellc: 130.06506524930037472
  cellalpha: 90.000000000191491267
  cellbeta: 89.999999999218275093
  cellgamma: 120.00000000002984279
  pxx: -71677.418691311759176
  pyy: -71677.418691409402527
  pzz: -1.2687094331284175908e-08
  pxy: 4.8644053064628949752e-07
  pyz: -2.0996905172562865466e-06
  pxz: -7.1306065530740750629e-06
  xlo: -0.019038925429095809178
  xhi: 24.86598916286183325
  ylo: -0.016488193085072766486
  yhi: 21.534578305265672071
  zlo: 1.4457740523090207851
  zhi: 131.51083930160939417
  xy: -12.442514044161296027
  xz: 1.7745840352964360661e-09
  yz: 5.2265767353293533262e-10

