- step: 1544
  atoms: 348
  temp: 1.955310933995899636e-20
  press: 3394.718394750247171
  pe: -3590.5414069328239748
  ke: 8.7702089872393213906e-22
  etotal: -3590.5414069328239748
  vol: 5048.0647394678726414
  avecx: 4.9770056176543331361
  avecy: 0
  avecz: 0
  bvecx: -2.4885028088300003013
  bvecy: 4.3102132996662358977
  bvecz: 0
  cvecx: 0
  cvecy: 0
  cvecz: 235.31955711563290379
  lx: 4.9770056176543331361
  ly: 4.3102132996662358977
  lz: 235.31955711563290379
  cella: 4.9770056176543331361
  cellb: 4.9770056176555090843
  cellc: 235.31955711563290379
  cellalpha: 90
  cellbeta: 90
  cellgamma: 120.00000000002985701
  pxx: 5092.0775920253754521
  pyy: 5092.0775921253343768
  pzz: 1.0003342857222117808e-07
  pxy: 5.1386859524248527725e-07
  pyz: -1.1275755484868082371e-10
  pxz: 1.615956707925283472e-10
  xlo: -0.019038925427171102256
  xhi: 4.9579666922271616869
  ylo: -0.016488193083117452103
  yhi: 4.293725106583118567
  zlo: -8.523894595416161124
  zhi: 226.79566252021675155
  xy: -2.4885028088300003013
  xz: 0
  yz: 0

