- step: 2017
  atoms: 319
  temp: 3.0594143091170946539e-20
  press: 244.61767445738229299
  pe: -3219.4350265110729197
  ke: 1.2575638723327305527e-21
  etotal: -3219.4350265110729197
  vol: 4448.5792991527168851
  avecx: 4.8541310641848607332
  avecy: 0
  avecz: 0
  bvecx: -2.4270655321457348386
  bvecy: 4.2038008148832508581
  bvecz: 0
  cvecx: 0
  cvecy: 0
  cvecz: 218.00562939462662371
  lx: 4.8541310641848607332
  ly: 4.2038008148832508581
  lz: 218.00562939462662371
  cella: 4.8541310641848607332
  cellb: 4.8541310642114865459
  cellc: 218.00562939462662371
  cellalpha: 90
  cellbeta: 90
  cellgamma: 120.00000000054507154
  pxx: 366.92651176836216109
  pyy: 366.92651177855117339
  pzz: -1.7476658357193691053e-07
  pxy: 9.0037731945512601019e-06
  pyz: -7.0583870724266446938e-11
  pxz: 3.3347655110629406678e-11
  xlo: 0.00049104455757122676164
  xhi: 4.8546221087424319407
  ylo: 0.00042525705837334908024
  yhi: 4.2042260719416244541
  zlo: -6.8440417703636597935
  zhi: 211.16158762426297812
  xy: -2.4270655321457348386
  xz: 0
  yz: 0

