- step: 2170
  atoms: 4875
  temp: 2.0116918135492121042e-22
  press: -2.475272560744335686e-08
  pe: -50372.015299538667023
  ke: 1.2673938990585703462e-22
  etotal: -50372.015299538667023
  vol: 70965.395278306110413
  avecx: 24.88502808826847712
  avecy: 0
  avecz: 0
  bvecx: -12.442514044149689312
  bvecy: 21.551066498330644805
  bvecz: 0
  cvecx: 0
  cvecy: 0
  cvecz: 132.32433615096394419
  lx: 24.88502808826847712
  ly: 21.551066498330644805
  lz: 132.32433615096394419
  cella: 24.88502808826847712
  cellb: 24.885028088276929026
  cellc: 132.32433615096394419
  cellalpha: 90
  cellbeta: 90
  cellgamma: 120.00000000002984279
  pxx: -2.5272601243557864616e-08
  pyy: -2.5822775887853175686e-08
  pzz: -2.3162799690919046822e-08
  pxy: 5.2715898328684429988e-07
  pyz: 2.4834043904350756604e-08
  pxz: 4.6342573644206057119e-08
  xlo: -0.095194627134240303312
  xhi: 24.789833461134236359
  ylo: -0.082440965415325348498
  yhi: 21.468625532915318388
  zlo: 1.5806930087681354546
  zhi: 133.90502915973206655
  xy: -12.442514044149689312
  xz: 0
  yz: 0

