- step: 19
  atoms: 250
  temp: 4.4950808180129652228e-28
  press: -2.6118783089493679186e-10
  pe: -2954.0229758403861524
  ke: 1.4467766478244554974e-29
  etotal: -2954.0229758403861524
  vol: 4562.9334981395732029
  avecx: 16.586243863302353674
  avecy: 0
  avecz: 0
  bvecx: 0
  bvecy: 16.586243863302353674
  bvecz: 0
  cvecx: 0
  cvecy: 0
  cvecz: 16.586243863699632328
  lx: 16.586243863302353674
  ly: 16.586243863302353674
  lz: 16.586243863699632328
  cella: 16.586243863302353674
  cellb: 16.586243863302353674
  cellc: 16.586243863699632328
  cellalpha: 90
  cellbeta: 90
  cellgamma: 90
  pxx: -1.7211468039806190419e-10
  pyy: -1.762828272728347405e-10
  pzz: -4.3516598501391380845e-10
  pxy: 8.186452432697209137e-12
  pyz: -1.3410188746894474304e-11
  pxz: -3.8827174395078185445e-11
  xlo: -0.018482906651177983398
  xhi: 16.567760956651174098
  ylo: -0.018482906651178007684
  yhi: 16.567760956651174098
  zlo: -0.018482906849816273243
  zhi: 16.567760956849816978
  xy: 0
  xz: 0
  yz: 0

