- step: 266
  atoms: 4875
  temp: 8.8073792193770220658e-23
  press: -47784.945793556107674
  pe: -49083.760809925159265
  ke: 5.5487717423475040652e-23
  etotal: -49083.760809925159265
  vol: 69753.7507900193159
  avecx: 24.88502808829087698
  avecy: 0
  avecz: 0
  bvecx: -12.442514044161297804
  bvecy: 21.55106649835076027
  bvecz: 0
  cvecx: 0
  cvecy: 0
  cvecz: 130.06506524925643475
  lx: 24.88502808829087698
  ly: 21.55106649835076027
  lz: 130.06506524925643475
  cella: 24.88502808829087698
  cellb: 24.885028088300153115
  cellc: 130.06506524925643475
  cellalpha: 90
  cellbeta: 90
  cellgamma: 120.00000000002984279
  pxx: -71677.418690266640624
  pyy: -71677.418690359525499
  pzz: -4.2152113951349718828e-08
  pxy: 4.7437801353262192264e-07
  pyz: -1.0694123703252593511e-10
  pxz: -6.4856577675668104983e-10
  xlo: -0.095194627145478993846
  xhi: 24.789833461145398985
  ylo: -0.082440965425360002161
  yhi: 21.468625532925400989
  zlo: 2.7103284596217211977
  zhi: 132.77539370887816972
  xy: -12.442514044161297804
  xz: 0
  yz: 0

