- step: 1592
  atoms: 324
  temp: 1.9811167619198890011e-20
  press: -940.7539077449243905
  pe: -3262.2248556439126332
  ke: 8.2713659090185595718e-22
  etotal: -3262.2248556439126332
  vol: 4504.2120214105916602
  avecx: 4.8541310641848607332
  avecy: 0
  avecz: 0
  bvecx: -2.4270655321457348386
  bvecy: 4.2038008148832508581
  bvecz: 0
  cvecx: 0
  cvecy: 0
  cvecz: 220.73194847655787498
  lx: 4.8541310641848607332
  ly: 4.2038008148832508581
  lz: 220.73194847655787498
  cella: 4.8541310641848607332
  cellb: 4.8541310642114865459
  cellc: 220.73194847655787498
  cellalpha: 90
  cellbeta: 90
  cellgamma: 120.00000000054507154
  pxx: -1411.130861860927098
  pyy: -1411.130861850635938
  pzz: 4.7678972845023489956e-07
  pxy: 9.0004682635573462156e-06
  pyz: 1.3176282302933968302e-10
  pxz: 5.2444486432778214749e-11
  xlo: 0.00049104455757122676164
  xhi: 4.8546221087424319407
  ylo: 0.00042525705837334908024
  yhi: 4.2042260719416244541
  zlo: -7.5884017428790002668
  zhi: 213.14354673367887472
  xy: -2.4270655321457348386
  xz: 0
  yz: 0

