- step: 16331
  atoms: 37830
  temp: 3.5619843872911301129e-11
  press: 2.3814614132574471971e-05
  pe: -381512.9114986876375
  ke: 1.7417327231037014037e-10
  etotal: -381512.91149868746288
  vol: 526851.38940226158593
  avecx: 4.8541312335692179403
  avecy: 0
  avecz: 0
  bvecx: 0
  bvecy: 27.913510468891150396
  bvecz: 0
  cvecx: 0
  cvecy: 0
  cvecz: 3888.3214253330575048
  lx: 4.8541312335692179403
  ly: 27.913510468891150396
  lz: 3888.3214253330575048
  cella: 4.8541312335692179403
  cellb: 27.913510468891150396
  cellc: 3888.3214253330575048
  cellalpha: 90
  cellbeta: 90
  cellgamma: 90
  pxx: 4.2565713380458678914e-05
  pyy: -0.00014350371297044712399
  pzz: 0.00017238184198771188131
  pxy: 8.6559518238407090483e-11
  pyz: -2.0267658408490625277
  pxz: 3.889353306354862963e-10
  xlo: -8.4684613810226618796e-08
  xhi: 4.8541311488846039524
  ylo: 2.7427644700900348306e-06
  yhi: 27.913513211655619273
  zlo: -0.00035600781452077622045
  zhi: 3888.3210693252431156
  xy: 0
  xz: 0
  yz: 0

