- step: 1550
  atoms: 312
  temp: 5.0372685229588622833e-21
  press: 0.81387792719128604357
  pe: -3146.4969646824984011
  ke: 2.0249771656097710351e-22
  etotal: -3146.4969646824984011
  vol: 4345.2357095849165489
  avecx: 4.8541310641848607332
  avecy: 0
  avecz: 0
  bvecx: -2.4270655321457348386
  bvecy: 4.2038008148832508581
  bvecz: 0
  cvecx: 0
  cvecy: 0
  cvecz: 212.94120707626549915
  lx: 4.8541310641848607332
  ly: 4.2038008148832508581
  lz: 212.94120707626549915
  cella: 4.8541310641848607332
  cellb: 4.8541310642114865459
  cellc: 212.94120707626549915
  cellalpha: 90
  cellbeta: 90
  cellgamma: 120.00000000054507154
  pxx: 1.2208168737270241877
  pyy: 1.2208168835300914346
  pzz: 2.4316742184890969575e-08
  pxy: 8.9821664477535612705e-06
  pyz: -1.2948111756329176705e-10
  pxz: 3.7129109588973813374e-11
  xlo: 0.00049104455757122676164
  xhi: 4.8546221087424319407
  ylo: 0.00042525705837334908024
  yhi: 4.2042260719416244541
  zlo: -4.3118267761826043483
  zhi: 208.62938030008288592
  xy: -2.4270655321457348386
  xz: 0
  yz: 0

