- step: 674
  atoms: 312
  temp: 1.6543535491959279265e-21
  press: -6.6695614479169646981e-07
  pe: -3223.8089791703482661
  ke: 6.6504855671252716061e-23
  etotal: -3223.8089791703482661
  vol: 4541.7852978122209606
  avecx: 4.9770056176543331361
  avecy: 0
  avecz: 0
  bvecx: -2.4885028088300003013
  bvecy: 4.3102132996662358977
  bvecz: 0
  cvecx: 0
  cvecy: 0
  cvecz: 211.71893784153928664
  lx: 4.9770056176543331361
  ly: 4.3102132996662358977
  lz: 211.71893784153928664
  cella: 4.9770056176543331361
  cellb: 4.9770056176555090843
  cellc: 211.71893784153928664
  cellalpha: 90
  cellbeta: 90
  cellgamma: 120.00000000002985701
  pxx: -9.9523049161865039818e-07
  pyy: -8.9739882167457580857e-07
  pzz: -1.0823912108186357325e-07
  pxy: 4.9904972857728151903e-07
  pyz: -2.9885645135130045225e-09
  pxz: 3.0446423836988452676e-08
  xlo: -0.019038925427171102256
  xhi: 4.9579666922271616869
  ylo: -0.016488193083117452103
  yhi: 4.293725106583118567
  zlo: -6.2610521588197451948
  zhi: 205.45788568271953523
  xy: -2.4885028088300003013
  xz: 0
  yz: 0

