- step: 14157
  atoms: 37830
  temp: 1.047871736119254857e-08
  press: 0.00015678822210457007752
  pe: -381512.91149862320162
  ke: 5.1238643799962898011e-08
  etotal: -381512.91149857197888
  vol: 526851.38918852619827
  avecx: 4.8541312336063686672
  avecy: 0
  avecz: 0
  bvecx: 0
  bvecy: 27.91351045725406621
  bvecz: 0
  cvecx: 0
  cvecy: 0
  cvecz: 3888.3214253468995594
  lx: 4.8541312336063686672
  ly: 27.91351045725406621
  lz: 3888.3214253468995594
  cella: 4.8541312336063686672
  cellb: 27.91351045725406621
  cellc: 3888.3214253468995594
  cellalpha: 90
  cellbeta: 90
  cellgamma: 90
  pxx: 2.1442289570000491018e-05
  pyy: 0.00020564551979174758127
  pzz: 0.00024327685695196206201
  pxy: -7.2356385229162327835e-07
  pyz: -2.0265531186471412717
  pxz: 7.1214440703229881703e-07
  xlo: -8.4703193714286591767e-08
  xhi: 4.8541311489031748749
  ylo: 2.7485829855034084502e-06
  yhi: 27.913513205837052311
  zlo: -0.00035601473436332409456
  zhi: 3888.3210693321652798
  xy: 0
  xz: 0
  yz: 0

