- step: 1575
  atoms: 348
  temp: 3.5785349877535107785e-20
  press: -2481.1470881432696842
  pe: -3493.9202689264038781
  ke: 1.6050899713739345401e-21
  etotal: -3493.9202689264038781
  vol: 4820.4635656218943041
  avecx: 4.8541310641848607332
  avecy: 0
  avecz: 0
  bvecx: -2.4270655321457348386
  bvecy: 4.2038008148832508581
  bvecz: 0
  cvecx: 0
  cvecy: 0
  cvecz: 236.23006873170069753
  lx: 4.8541310641848607332
  ly: 4.2038008148832508581
  lz: 236.23006873170069753
  cella: 4.8541310641848607332
  cellb: 4.8541310642114865459
  cellc: 236.23006873170069753
  cellalpha: 90
  cellbeta: 90
  cellgamma: 120.00000000054507154
  pxx: -3721.7206321898133865
  pyy: -3721.7206321796634256
  pzz: -6.0332547640666061443e-08
  pxy: 9.0281629043853960976e-06
  pyz: 1.0899473433569799963e-10
  pxz: -3.5313740417862645649e-10
  xlo: 0.00049104455757122676164
  xhi: 4.8546221087424319407
  ylo: 0.00042525705837334908024
  yhi: 4.2042260719416244541
  zlo: -8.9791504034502533926
  zhi: 227.25091832825043525
  xy: -2.4270655321457348386
  xz: 0
  yz: 0

