- step: 291
  atoms: 1500
  temp: 2.2711567536179999672e-23
  press: -24582.1270450304728
  pe: -14480.296169970131814
  ke: 4.4006150688429754547e-24
  etotal: -14480.296169970131814
  vol: 19771.742731612263015
  avecx: 24.270655320927847498
  avecy: 0
  avecz: 0
  bvecx: -12.135327659999999739
  bvecy: 21.019004074418550232
  bvecz: 0
  cvecx: 0
  cvecy: 0
  cvecz: 38.757103592633463052
  lx: 24.270655320927847498
  ly: 21.019004074418550232
  lz: 38.757103592633463052
  cella: 24.270655320927847498
  cellb: 24.270655320695084356
  cellc: 38.757103592633463052
  cellalpha: 90
  cellbeta: 90
  cellgamma: 119.99999999905264758
  pxx: -36873.190567510901019
  pyy: -36873.190567580779316
  pzz: 2.6039592640885727014e-10
  pxy: -1.6466446031471069979e-05
  pyz: 7.3267842201276557185e-11
  pxz: 5.3061607723859943592e-11
  xlo: -0.97053158608278999875
  xhi: 23.300123734845058721
  ylo: -1.6814352745418499335
  yhi: 19.337568799876699188
  zlo: 0.38527795368328637826
  zhi: 39.142381546316748597
  xy: -12.135327659999999739
  xz: 0
  yz: 0

