- step: 1905
  atoms: 318
  temp: 2.9608193971499243502e-20
  press: -24.529975215283155165
  pe: -3200.5483786678778415
  ke: 1.2132095443642855427e-21
  etotal: -3200.5483786678778415
  vol: 4433.9192987835695021
  avecx: 4.8541310641848607332
  avecy: 0
  avecz: 0
  bvecx: -2.4270655321457348386
  bvecy: 4.2038008148832508581
  bvecz: 0
  cvecx: 0
  cvecy: 0
  cvecz: 217.28720618746694981
  lx: 4.8541310641848607332
  ly: 4.2038008148832508581
  lz: 217.28720618746694981
  cella: 4.8541310641848607332
  cellb: 4.8541310642114865459
  cellc: 217.28720618746694981
  cellalpha: 90
  cellbeta: 90
  cellgamma: 120.00000000054507154
  pxx: -36.794962740538593948
  pyy: -36.794962730395788242
  pzz: -1.7491508313068943961e-07
  pxy: 8.910407408795760389e-06
  pyz: -2.5965988595802022554e-11
  pxz: 1.3096337994431855034e-07
  xlo: 0.00049104455757122676164
  xhi: 4.8546221087424319407
  ylo: 0.00042525705837334908024
  yhi: 4.2042260719416244541
  zlo: -7.4556084650836007555
  zhi: 209.83159772238334995
  xy: -2.4270655321457348386
  xz: 0
  yz: 0

