- step: 2066
  atoms: 336
  temp: 2.1338595398572502805e-20
  press: -407.31095164434361777
  pe: -3372.7371563076367238
  ke: 9.2400702833079792063e-22
  etotal: -3372.7371563076367238
  vol: 4672.8685619452335231
  avecx: 4.8541310641848607332
  avecy: 0
  avecz: 0
  bvecx: -2.4270655321457348386
  bvecy: 4.2038008148832508581
  bvecz: 0
  cvecx: 0
  cvecy: 0
  cvecz: 228.99707601464129425
  lx: 4.8541310641848607332
  ly: 4.2038008148832508581
  lz: 228.99707601464129425
  cella: 4.8541310641848607332
  cellb: 4.8541310642114865459
  cellc: 228.99707601464129425
  cellalpha: 90
  cellbeta: 90
  cellgamma: 120.00000000054507154
  pxx: -610.96642758239579507
  pyy: -610.96642757283871106
  pzz: 2.222034620854832297e-07
  pxy: 8.8901035064139276678e-06
  pyz: -9.9923199051198464376e-13
  pxz: 1.2781739767032805373e-07
  xlo: 0.00049104455757122676164
  xhi: 4.8546221087424319407
  ylo: 0.00042525705837334908024
  yhi: 4.2042260719416244541
  zlo: -8.5418097784203812495
  zhi: 220.45526623622092188
  xy: -2.4270655321457348386
  xz: 0
  yz: 0

