- step: 347
  atoms: 4875
  temp: 4.0142284276490037096e-22
  press: 51185.220779268718616
  pe: -50289.891149609342392
  ke: 2.5290198947789109473e-22
  etotal: -50289.891149609342392
  vol: 69530.43842611843138
  avecx: 24.270655320927847498
  avecy: 0
  avecz: 0
  bvecx: -12.135327660729998911
  bvecy: 21.019004074418603523
  bvecz: 0
  cvecx: 0
  cvecy: 0
  cvecz: 136.29544150469246233
  lx: 24.270655320927847498
  ly: 21.019004074418603523
  lz: 136.29544150469246233
  cella: 24.270655320927847498
  cellb: 24.270655321060132792
  cellc: 136.29544150469246233
  cellalpha: 90
  cellbeta: 90
  cellgamma: 120.0000000005450147
  pxx: 76777.831168851320399
  pyy: 76777.831168914795853
  pzz: 4.0023716308499091024e-08
  pxy: 9.7951268819638489865e-06
  pyz: -2.3187645493923123489e-09
  pxz: 7.8159554940190009832e-07
  xlo: -0.97053158608278999875
  xhi: 23.300123734845058721
  ylo: -1.6814352745418599255
  yhi: 19.337568799876741821
  zlo: -12.230157031176927873
  zhi: 124.06528447351553268
  xy: -12.135327660729998911
  xz: 0
  yz: 0

