- step: 1698
  atoms: 4875
  temp: 3.555936008027373821e-22
  press: 4.2082974362988761842e-08
  pe: -49164.034986987724551
  ke: 2.240289278736646594e-22
  etotal: -49164.034986987724551
  vol: 67893.218824359224527
  avecx: 24.270655320927872367
  avecy: 0
  avecz: 0
  bvecx: -12.135327660730002464
  bvecy: 21.01900407441856089
  bvecz: 0
  cvecx: 0
  cvecy: 0
  cvecz: 133.08611946512257873
  lx: 24.270655320927872367
  ly: 21.01900407441856089
  lz: 133.08611946512257873
  cella: 24.270655320927872367
  cellb: 24.270655321060097265
  cellc: 133.08611946512257873
  cellalpha: 90
  cellbeta: 90
  cellgamma: 120.00000000054507154
  pxx: 4.3027241852003263279e-08
  pyy: 4.250742139412146236e-08
  pzz: 4.0714259842841573122e-08
  pxy: 8.9875710016120586839e-06
  pyz: -3.8726262034270869954e-07
  pxz: -5.1641791953534995212e-08
  xlo: -4.8526579304139492166
  xhi: 19.417997390513924927
  ylo: -8.4071763727092800877
  yhi: 12.611827701709280802
  zlo: -53.127480056961324806
  zhi: 79.958639408161261031
  xy: -12.135327660730002464
  xz: 0
  yz: 0

