- step: 18064
  atoms: 32526
  temp: 1.2464482704572751019e-13
  press: 1.3811993542268366863e-05
  pe: -336082.08607971150195
  ke: 5.2403006377693227785e-13
  etotal: -336082.08607971150195
  vol: 473481.11268312239554
  avecx: 4.977005692511312418
  avecy: 0
  avecz: 0
  bvecx: 0
  bvecy: 27.833450383970244957
  bvecz: 0
  cvecx: 0
  cvecy: 0
  cvecz: 3417.9639271961700615
  lx: 4.977005692511312418
  ly: 27.833450383970244957
  lz: 3417.9639271961700615
  cella: 4.977005692511312418
  cellb: 27.833450383970244957
  cellc: 3417.9639271961700615
  cellalpha: 90
  cellbeta: 90
  cellgamma: 90
  pxx: -1.2154429312402978961e-05
  pyy: 3.619020612628645378e-05
  pzz: 1.7400203812921624078e-05
  pxy: -1.8832381139821915634e-10
  pyz: 0.23454875151140069933
  pxz: 6.4286340082121826092e-12
  xlo: -3.7437160649282853017e-08
  xhi: 4.9770056550741514911
  ylo: -7.1927102516712457062e-08
  yhi: 27.833450312043140684
  zlo: 5.1188133437239988601e-05
  zhi: 3417.963978384303573
  xy: 0
  xz: 0
  yz: 0

