- step: 1707
  atoms: 326
  temp: 1.7502487237421315334e-20
  press: -2452.2739599041597103
  pe: -3369.4441013777100125
  ke: 7.3527156240516186222e-22
  etotal: -3369.4441013777100125
  vol: 4756.0045056614253554
  avecx: 4.9770056176543331361
  avecy: 0
  avecz: 0
  bvecx: -2.4885028088300003013
  bvecy: 4.3102132996662358977
  bvecz: 0
  cvecx: 0
  cvecy: 0
  cvecz: 221.70493677745037076
  lx: 4.9770056176543331361
  ly: 4.3102132996662358977
  lz: 221.70493677745037076
  cella: 4.9770056176543331361
  cellb: 4.9770056176555090843
  cellc: 221.70493677745037076
  cellalpha: 90
  cellbeta: 90
  cellgamma: 120.00000000002985701
  pxx: -3678.4109399153594495
  pyy: -3678.4109398183445592
  pzz: 2.122737203036828999e-08
  pxy: 4.9551070147819829671e-07
  pyz: -8.1481837222299807119e-11
  pxz: -3.5081743445758262942e-11
  xlo: -0.019038925427171102256
  xhi: 4.9579666922271616869
  ylo: -0.016488193083117452103
  yhi: 4.293725106583118567
  zlo: -6.1333392967749302827
  zhi: 215.57159748067545024
  xy: -2.4885028088300003013
  xz: 0
  yz: 0

