- step: 1575
  atoms: 324
  temp: 1.3006371376423338615e-20
  press: 1176.9290632307183841
  pe: -3345.9851835653530543
  ke: 5.4302936036302674365e-22
  etotal: -3345.9851835653530543
  vol: 4710.8107031835043017
  avecx: 4.9770056176543331361
  avecy: 0
  avecz: 0
  bvecx: -2.4885028088300003013
  bvecy: 4.3102132996662358977
  bvecz: 0
  cvecx: 0
  cvecy: 0
  cvecz: 219.59819169149156437
  lx: 4.9770056176543331361
  ly: 4.3102132996662358977
  lz: 219.59819169149156437
  cella: 4.9770056176543331361
  cellb: 4.9770056176555090843
  cellc: 219.59819169149156437
  cellalpha: 90
  cellbeta: 90
  cellgamma: 120.00000000002985701
  pxx: 1765.3935947879560899
  pyy: 1765.3935948864320835
  pzz: 1.7766848802331303658e-08
  pxy: 5.0380801813501908309e-07
  pyz: 1.0565076456233699358e-10
  pxz: -2.8734893435288052923e-11
  xlo: -0.019038925427171102256
  xhi: 4.9579666922271616869
  ylo: -0.016488193083117452103
  yhi: 4.293725106583118567
  zlo: -7.0215233503455296571
  zhi: 212.57666834114604626
  xy: -2.4885028088300003013
  xz: 0
  yz: 0

