- step: 1499
  atoms: 326
  temp: 2.7315929936364306719e-20
  press: 477.351181373566817
  pe: -3292.3730883396519857
  ke: 1.1475298459248946298e-21
  etotal: -3292.3730883396519857
  vol: 4551.9228887133531316
  avecx: 4.8541310641848607332
  avecy: 0
  avecz: 0
  bvecx: -2.4270655321457348386
  bvecy: 4.2038008148832508581
  bvecz: 0
  cvecx: 0
  cvecy: 0
  cvecz: 223.07005171263668331
  lx: 4.8541310641848607332
  ly: 4.2038008148832508581
  lz: 223.07005171263668331
  cella: 4.8541310641848607332
  cellb: 4.8541310642114865459
  cellc: 223.07005171263668331
  cellalpha: 90
  cellbeta: 90
  cellgamma: 120.00000000054507154
  pxx: 716.02677184443575698
  pyy: 716.02677185496327184
  pzz: 4.213012944631201636e-07
  pxy: 9.028138795133330846e-06
  pyz: 8.2922248622513253966e-11
  pxz: -5.4317589813992933859e-11
  xlo: 0.00049104455757122676164
  xhi: 4.8546221087424319407
  ylo: 0.00042525705837334908024
  yhi: 4.2042260719416244541
  zlo: -6.8158967643678911585
  zhi: 216.25415494826879126
  xy: -2.4270655321457348386
  xz: 0
  yz: 0

